Spectrum of [3, 1, 1] RS code:
  [1, 2]: 3
Spectrum of [3, 2, 1] RS code:
  [1, 0, 2]: 3
  [0, 2, 1]: 6
Spectrum of [3, 2, 2] RS code:
  [1, 4, 4]: 9
Spectrum of [5, 1, 1] RS code:
  [1, 4]: 5
Spectrum of [5, 2, 1] RS code:
  [1, 0, 4]: 5
  [0, 2, 3]: 20
Spectrum of [5, 2, 2] RS code:
  [1, 8, 16]: 25
Spectrum of [5, 3, 1] RS code:
  [1, 0, 0, 4]: 5
  [0, 1, 1, 3]: 60
  [0, 0, 3, 2]: 60
Spectrum of [5, 3, 2] RS code:
  [1, 0, 12, 12]: 25
  [0, 3, 9, 13]: 100
Spectrum of [5, 3, 3] RS code:
  [1, 12, 48, 64]: 125
Spectrum of [5, 4, 1] RS code:
  [1, 0, 0, 0, 4]: 5
  [0, 1, 0, 1, 3]: 80
  [0, 0, 2, 0, 3]: 60
  [0, 0, 1, 2, 2]: 360
  [0, 0, 0, 4, 1]: 120
Spectrum of [5, 4, 2] RS code:
  [1, 0, 0, 16, 8]: 25
  [0, 1, 3, 11, 10]: 400
  [0, 0, 6, 8, 11]: 200
Spectrum of [5, 4, 3] RS code:
  [1, 0, 24, 48, 52]: 125
  [0, 4, 18, 52, 51]: 500
Spectrum of [5, 4, 4] RS code:
  [1, 16, 96, 256, 256]: 625
Spectrum of [7, 1, 1] RS code:
  [1, 6]: 7
Spectrum of [7, 2, 1] RS code:
  [1, 0, 6]: 7
  [0, 2, 5]: 42
Spectrum of [7, 2, 2] RS code:
  [1, 12, 36]: 49
Spectrum of [7, 3, 1] RS code:
  [1, 0, 0, 6]: 7
  [0, 1, 1, 5]: 126
  [0, 0, 3, 4]: 210
Spectrum of [7, 3, 2] RS code:
  [1, 0, 18, 30]: 49
  [0, 3, 15, 31]: 294
Spectrum of [7, 3, 3] RS code:
  [1, 18, 108, 216]: 343
Spectrum of [7, 4, 1] RS code:
  [1, 0, 0, 0, 6]: 7
  [0, 1, 0, 1, 5]: 168
  [0, 0, 2, 0, 5]: 126
  [0, 0, 1, 2, 4]: 1260
  [0, 0, 0, 4, 3]: 840
Spectrum of [7, 4, 2] RS code:
  [1, 0, 0, 24, 24]: 49
  [0, 1, 3, 19, 26]: 1176
  [0, 0, 6, 16, 27]: 1176
Spectrum of [7, 4, 3] RS code:
  [1, 0, 36, 120, 186]: 343
  [0, 4, 30, 124, 185]: 2058
Spectrum of [7, 4, 4] RS code:
  [1, 24, 216, 864, 1296]: 2401
Spectrum of [7, 5, 1] RS code:
  [1, 0, 0, 0, 0, 6]: 7
  [0, 1, 0, 0, 1, 5]: 210
  [0, 0, 1, 1, 0, 5]: 420
  [0, 0, 1, 0, 2, 4]: 2100
  [0, 0, 0, 2, 1, 4]: 3150
  [0, 0, 0, 1, 3, 3]: 8400
  [0, 0, 0, 0, 5, 2]: 2520
Spectrum of [7, 5, 2] RS code:
  [1, 0, 0, 0, 30, 18]: 49
  [0, 1, 0, 4, 23, 21]: 1470
  [0, 0, 2, 4, 21, 22]: 4410
  [0, 0, 1, 7, 18, 23]: 8820
  [0, 0, 0, 10, 15, 24]: 2058
Spectrum of [7, 5, 3] RS code:
  [1, 0, 0, 60, 120, 162]: 343
  [0, 1, 6, 46, 131, 159]: 10290
  [0, 0, 10, 40, 135, 158]: 6174
Spectrum of [7, 5, 4] RS code:
  [1, 0, 60, 300, 930, 1110]: 2401
  [0, 5, 50, 310, 925, 1111]: 14406
Spectrum of [7, 5, 5] RS code:
  [1, 30, 360, 2160, 6480, 7776]: 16807
Spectrum of [7, 6, 1] RS code:
  [1, 0, 0, 0, 0, 0, 6]: 7
  [0, 1, 0, 0, 0, 1, 5]: 252
  [0, 0, 1, 0, 1, 0, 5]: 630
  [0, 0, 1, 0, 0, 2, 4]: 3150
  [0, 0, 0, 2, 0, 0, 5]: 420
  [0, 0, 0, 1, 1, 1, 4]: 12600
  [0, 0, 0, 1, 0, 3, 3]: 16800
  [0, 0, 0, 0, 3, 0, 4]: 3150
  [0, 0, 0, 0, 2, 2, 3]: 37800
  [0, 0, 0, 0, 1, 4, 2]: 37800
  [0, 0, 0, 0, 0, 6, 1]: 5040
Spectrum of [7, 6, 2] RS code:
  [1, 0, 0, 0, 0, 36, 12]: 49
  [0, 1, 0, 0, 5, 27, 16]: 1764
  [0, 0, 1, 1, 6, 23, 18]: 17640
  [0, 0, 1, 0, 9, 20, 19]: 8820
  [0, 0, 0, 4, 3, 24, 18]: 2352
  [0, 0, 0, 3, 6, 21, 19]: 25872
  [0, 0, 0, 2, 9, 18, 20]: 46452
  [0, 0, 0, 1, 12, 15, 21]: 14112
  [0, 0, 0, 0, 15, 12, 22]: 588
Spectrum of [7, 6, 3] RS code:
  [1, 0, 0, 0, 90, 108, 144]: 343
  [0, 1, 0, 10, 65, 129, 138]: 12348
  [0, 0, 3, 8, 63, 132, 137]: 8232
  [0, 0, 2, 12, 57, 136, 136]: 67914
  [0, 0, 1, 16, 51, 140, 135]: 24696
  [0, 0, 0, 20, 45, 144, 134]: 4116
Spectrum of [7, 6, 4] RS code:
  [1, 0, 0, 120, 360, 972, 948]: 2401
  [0, 1, 10, 90, 395, 953, 952]: 86436
  [0, 0, 15, 80, 405, 948, 953]: 28812
Spectrum of [7, 6, 5] RS code:
  [1, 0, 90, 600, 2790, 6660, 6666]: 16807
  [0, 6, 75, 620, 2775, 6666, 6665]: 100842
Spectrum of [7, 6, 6] RS code:
  [1, 36, 540, 4320, 19440, 46656, 46656]: 117649
Spectrum of [13, 1, 1] RS code:
  [1, 12]: 13
Spectrum of [13, 2, 1] RS code:
  [1, 0, 12]: 13
  [0, 2, 11]: 156
Spectrum of [13, 2, 2] RS code:
  [1, 24, 144]: 169
Spectrum of [13, 3, 1] RS code:
  [1, 0, 0, 12]: 13
  [0, 1, 1, 11]: 468
  [0, 0, 3, 10]: 1716
Spectrum of [13, 3, 2] RS code:
  [1, 0, 36, 132]: 169
  [0, 3, 33, 133]: 2028
Spectrum of [13, 3, 3] RS code:
  [1, 36, 432, 1728]: 2197
Spectrum of [13, 4, 1] RS code:
  [1, 0, 0, 0, 12]: 13
  [0, 1, 0, 1, 11]: 624
  [0, 0, 2, 0, 11]: 468
  [0, 0, 1, 2, 10]: 10296
  [0, 0, 0, 4, 9]: 17160
Spectrum of [13, 4, 2] RS code:
  [1, 0, 0, 48, 120]: 169
  [0, 1, 3, 43, 122]: 8112
  [0, 0, 6, 40, 123]: 20280
Spectrum of [13, 4, 3] RS code:
  [1, 0, 72, 528, 1596]: 2197
  [0, 4, 66, 532, 1595]: 26364
Spectrum of [13, 4, 4] RS code:
  [1, 48, 864, 6912, 20736]: 28561
Spectrum of [13, 5, 1] RS code:
  [1, 0, 0, 0, 0, 12]: 13
  [0, 1, 0, 0, 1, 11]: 780
  [0, 0, 1, 1, 0, 11]: 1560
  [0, 0, 1, 0, 2, 10]: 17160
  [0, 0, 0, 2, 1, 10]: 25740
  [0, 0, 0, 1, 3, 9]: 171600
  [0, 0, 0, 0, 5, 8]: 154440
Spectrum of [13, 5, 2] RS code:
  [1, 0, 0, 0, 60, 108]: 169
  [0, 1, 0, 4, 53, 111]: 10140
  [0, 0, 2, 4, 51, 112]: 30420
  [0, 0, 1, 7, 48, 113]: 182520
  [0, 0, 0, 10, 45, 114]: 148044
Spectrum of [13, 5, 3] RS code:
  [1, 0, 0, 120, 600, 1476]: 2197
  [0, 1, 6, 106, 611, 1473]: 131820
  [0, 0, 10, 100, 615, 1472]: 237276
Spectrum of [13, 5, 4] RS code:
  [1, 0, 120, 1320, 7980, 19140]: 28561
  [0, 5, 110, 1330, 7975, 19141]: 342732
Spectrum of [13, 5, 5] RS code:

